image_width: 640
image_height: 480
camera_name: 0007481201dab407
camera_matrix:
  rows: 3
  cols: 3
  data: [648.695485237685, 0, 335.704885800189, 0, 650.214561343659, 193.916831197711, 0, 0, 1]
distortion_model: plumb_bob
distortion_coefficients:
  rows: 1
  cols: 5
  data: [-0.44119773563605, 0.209756084935494, 0.00115924563155579, -9.3330410832201e-05, 0]
rectification_matrix:
  rows: 3
  cols: 3
  data: [0.999726286096406, 0.00571302942238369, -0.0226873132544518, -0.00562354170867647, 0.999976162634605, 0.00400623778898351, 0.0227096602030375, -0.00387755817365533, 0.999734582714868]
projection_matrix:
  rows: 3
  cols: 4
  data: [624.625493387664, 0, 365.375682830811, 0, 0, 624.625493387664, 190.244493484497, 0, 0, 0, 1, 0]