image_width: 640
image_height: 480
camera_name: 00074812019dac5f
camera_matrix:
  rows: 3
  cols: 3
  data: [653.63692882008, 0, 333.971392929507, 0, 655.49458895218, 198.50754268909, 0, 0, 1]
distortion_model: plumb_bob
distortion_coefficients:
  rows: 1
  cols: 5
  data: [-0.435271505710743, 0.20535855511166, 0.00104823253499756, 0.000703182812652592, 0]
rectification_matrix:
  rows: 3
  cols: 3
  data: [0.998744037960501, 0.00821439637813707, -0.0494254016725759, -0.00840923694102776, 0.999957664637994, -0.00373546058723, 0.0493926246763854, 0.00414639890410257, 0.998770832575574]
projection_matrix:
  rows: 3
  cols: 4
  data: [624.625493387664, 0, 365.375682830811, -188.796340403871, 0, 624.625493387664, 190.244493484497, 0, 0, 0, 1, 0]